sku,weight,Width,Height,2,3,4,5,1,6,7,8,9,10
satinposters_6512bd43d9caa6e02c990b0a82652dca,null,1,1,8,12,16,20,4,24,28,32,36,40
satinposters_c20ad4d76fe97759aa27a0c99bff6710,null,1,2,16,24,32,40,8,48,56,64,72,80
satinposters_c51ce410c124a10e0db5e4b97fc2af39,null,1,3,24,36,48,60,12,72,84,96,108,120
satinposters_aab3238922bcc25a6f606eb525ffdc56,null,1,4,32,48,64,80,16,96,112,128,144,160
satinposters_9bf31c7ff062936a96d3c8bd1f8f2ff3,null,1,5,40,60,80,100,20,120,140,160,180,200
satinposters_c74d97b01eae257e44aa9d5bade97baf,null,1,6,48,72,96,120,24,144,168,192,216,240
satinposters_70efdf2ec9b086079795c442636b55fb,null,1,7,56,84,112,140,28,168,196,224,252,280
satinposters_6f4922f45568161a8cdf4ad2299f6d23,null,1,8,64,96,128,160,32,192,224,256,288,320
satinposters_1f0e3dad99908345f7439f8ffabdffc4,null,1,9,72,108,144,180,36,216,252,288,324,360
satinposters_5f93f983524def3dca464469d2cf9f3e,null,1,10,80,120,160,200,40,240,280,320,360,400
satinposters_698d51a19d8a121ce581499d7b701668,null,1,11,88,132,176,220,44,264,308,352,396,440
satinposters_7f6ffaa6bb0b408017b62254211691b5,null,1,12,96,144,192,240,48,288,336,384,432,480
satinposters_73278a4a86960eeb576a8fd4c9ec6997,null,1,13,104,156,208,260,52,312,364,416,468,520
satinposters_5fd0b37cd7dbbb00f97ba6ce92bf5add,null,1,14,112,168,224,280,56,336,392,448,504,560
satinposters_2b44928ae11fb9384c4cf38708677c48,null,1,15,120,180,240,300,60,360,420,480,540,600
satinposters_c45147dee729311ef5b5c3003946c48f,null,1,16,128,192,256,320,64,384,448,512,576,640
satinposters_eb160de1de89d9058fcb0b968dbbbd68,null,1,17,136,204,272,340,68,408,476,544,612,680
satinposters_5ef059938ba799aaa845e1c2e8a762bd,null,1,18,144,216,288,360,72,432,504,576,648,720
satinposters_07e1cd7dca89a1678042477183b7ac3f,null,1,19,152,228,304,380,76,456,532,608,684,760
satinposters_da4fb5c6e93e74d3df8527599fa62642,null,1,20,160,240,320,400,80,480,560,640,720,800
satinposters_4c56ff4ce4aaf9573aa5dff913df997a,null,1,21,168,252,336,420,84,504,588,672,756,840
satinposters_a0a080f42e6f13b3a2df133f073095dd,null,1,22,176,264,352,440,88,528,616,704,792,880
satinposters_202cb962ac59075b964b07152d234b70,null,1,23,184,276,368,460,92,552,644,736,828,920
satinposters_c8ffe9a587b126f152ed3d89a146b445,null,1,24,192,288,384,480,96,576,672,768,864,960
satinposters_3def184ad8f4755ff269862ea77393dd,null,1,25,200,300,400,500,100,600,700,800,900,1000
satinposters_069059b7ef840f0c74a814ec9237b6ec,null,1,26,208,312,416,520,104,624,728,832,936,1040
satinposters_ec5decca5ed3d6b8079e2e7e7bacc9f2,null,1,27,216,324,432,540,108,648,756,864,972,1080
satinposters_76dc611d6ebaafc66cc0879c71b5db5c,null,1,28,224,336,448,560,112,672,784,896,1008,1120
satinposters_d1f491a404d6854880943e5c3cd9ca25,null,1,29,232,348,464,580,116,696,812,928,1044,1160
satinposters_9b8619251a19057cff70779273e95aa6,null,1,30,240,360,480,600,120,720,840,960,1080,1200
satinposters_1afa34a7f984eeabdbb0a7d494132ee5,null,1,31,248,372,496,620,124,744,868,992,1116,1240
satinposters_65ded5353c5ee48d0b7d48c591b8f430,null,1,32,256,384,512,640,128,768,896,1024,1152,1280
satinposters_9fc3d7152ba9336a670e36d0ed79bc43,null,1,33,264,396,528,660,132,792,924,1056,1188,1320
satinposters_02522a2b2726fb0a03bb19f2d8d9524d,null,1,34,272,408,544,680,136,816,952,1088,1224,1360
satinposters_7f1de29e6da19d22b51c68001e7e0e54,null,1,35,280,420,560,700,140,840,980,1120,1260,1400
satinposters_42a0e188f5033bc65bf8d78622277c4e,null,1,36,288,432,576,720,144,864,1008,1152,1296,1440
satinposters_3988c7f88ebcb58c6ce932b957b6f332,null,1,37,296,444,592,740,148,888,1036,1184,1332,1480
satinposters_013d407166ec4fa56eb1e1f8cbe183b9,null,1,38,304,456,608,760,152,912,1064,1216,1368,1520
satinposters_e00da03b685a0dd18fb6a08af0923de0,null,1,39,312,468,624,780,156,936,1092,1248,1404,1560
satinposters_1385974ed5904a438616ff7bdb3f7439,null,1,40,320,480,640,800,160,960,1120,1280,1440,1600
satinposters_0f28b5d49b3020afeecd95b4009adf4c,null,1,41,328,492,656,820,164,984,1148,1312,1476,1640
satinposters_a8baa56554f96369ab93e4f3bb068c22,null,1,42,336,504,672,840,168,1008,1176,1344,1512,1680
satinposters_903ce9225fca3e988c2af215d4e544d3,null,1,43,344,516,688,860,172,1032,1204,1376,1548,1720
satinposters_0a09c8844ba8f0936c20bd791130d6b6,null,1,44,352,528,704,880,176,1056,1232,1408,1584,1760
satinposters_2b24d495052a8ce66358eb576b8912c8,null,1,45,360,540,720,900,180,1080,1260,1440,1620,1800
satinposters_a5e00132373a7031000fd987a3c9f87b,null,1,46,368,552,736,920,184,1104,1288,1472,1656,1840
satinposters_8d5e957f297893487bd98fa830fa6413,null,1,47,376,564,752,940,188,1128,1316,1504,1692,1880
satinposters_47d1e990583c9c67424d369f3414728e,null,1,48,384,576,768,960,192,1152,1344,1536,1728,1920
satinposters_f2217062e9a397a1dca429e7d70bc6ca,null,1,49,392,588,784,980,196,1176,1372,1568,1764,1960
satinposters_7ef605fc8dba5425d6965fbd4c8fbe1f,null,1,50,400,600,800,1000,200,1200,1400,1600,1800,2000
satinposters_3c59dc048e8850243be8079a5c74d079,null,2,1,16,24,32,40,8,48,56,64,72,80
satinposters_b6d767d2f8ed5d21a44b0e5886680cb9,null,2,2,32,48,64,80,16,96,112,128,144,160
satinposters_37693cfc748049e45d87b8c7d8b9aacd,null,2,3,48,72,96,120,24,144,168,192,216,240
satinposters_1ff1de774005f8da13f42943881c655f,null,2,4,64,96,128,160,32,192,224,256,288,320
satinposters_8e296a067a37563370ded05f5a3bf3ec,null,2,5,80,120,160,200,40,240,280,320,360,400
satinposters_4e732ced3463d06de0ca9a15b6153677,null,2,6,96,144,192,240,48,288,336,384,432,480
satinposters_02e74f10e0327ad868d138f2b4fdd6f0,null,2,7,112,168,224,280,56,336,392,448,504,560
satinposters_33e75ff09dd601bbe69f351039152189,null,2,8,128,192,256,320,64,384,448,512,576,640
satinposters_6ea9ab1baa0efb9e19094440c317e21b,null,2,9,144,216,288,360,72,432,504,576,648,720
satinposters_6f3ef77ac0e3619e98159e9b6febf557,null,2,10,160,240,320,400,80,480,560,640,720,800
satinposters_eb163727917cbba1eea208541a643e74,null,2,11,176,264,352,440,88,528,616,704,792,880
satinposters_1534b76d325a8f591b52d302e7181331,null,2,12,192,288,384,480,96,576,672,768,864,960
satinposters_979d472a84804b9f647bc185a877a8b5,null,2,13,208,312,416,520,104,624,728,832,936,1040
satinposters_ca46c1b9512a7a8315fa3c5a946e8265,null,2,14,224,336,448,560,112,672,784,896,1008,1120
satinposters_3b8a614226a953a8cd9526fca6fe9ba5,null,2,15,240,360,480,600,120,720,840,960,1080,1200
satinposters_45fbc6d3e05ebd93369ce542e8f2322d,null,2,16,256,384,512,640,128,768,896,1024,1152,1280
satinposters_63dc7ed1010d3c3b8269faf0ba7491d4,null,2,17,272,408,544,680,136,816,952,1088,1224,1360
satinposters_e96ed478dab8595a7dbda4cbcbee168f,null,2,18,288,432,576,720,144,864,1008,1152,1296,1440
satinposters_c0e190d8267e36708f955d7ab048990d,null,2,19,304,456,608,760,152,912,1064,1216,1368,1520
satinposters_ec8ce6abb3e952a85b8551ba726a1227,null,2,20,320,480,640,800,160,960,1120,1280,1440,1600
satinposters_060ad92489947d410d897474079c1477,null,2,21,336,504,672,840,168,1008,1176,1344,1512,1680
satinposters_bcbe3365e6ac95ea2c0343a2395834dd,null,2,22,352,528,704,880,176,1056,1232,1408,1584,1760
satinposters_115f89503138416a242f40fb7d7f338e,null,2,23,368,552,736,920,184,1104,1288,1472,1656,1840
satinposters_13fe9d84310e77f13a6d184dbf1232f3,null,2,24,384,576,768,960,192,1152,1344,1536,1728,1920
satinposters_d1c38a09acc34845c6be3a127a5aacaf,null,2,25,400,600,800,1000,200,1200,1400,1600,1800,2000
satinposters_9cfdf10e8fc047a44b08ed031e1f0ed1,null,2,26,416,624,832,1040,208,1248,1456,1664,1872,2080
satinposters_705f2172834666788607efbfca35afb3,null,2,27,432,648,864,1080,216,1296,1512,1728,1944,2160
satinposters_74db120f0a8e5646ef5a30154e9f6deb,null,2,28,448,672,896,1120,224,1344,1568,1792,2016,2240
satinposters_57aeee35c98205091e18d1140e9f38cf,null,2,29,464,696,928,1160,232,1392,1624,1856,2088,2320
satinposters_6da9003b743b65f4c0ccd295cc484e57,null,2,30,480,720,960,1200,240,1440,1680,1920,2160,2400
satinposters_9b04d152845ec0a378394003c96da594,null,2,31,496,744,992,1240,248,1488,1736,1984,2232,2480
satinposters_be83ab3ecd0db773eb2dc1b0a17836a1,null,2,32,512,768,1024,1280,256,1536,1792,2048,2304,2560
satinposters_e165421110ba03099a1c0393373c5b43,null,2,33,528,792,1056,1320,264,1584,1848,2112,2376,2640
satinposters_289dff07669d7a23de0ef88d2f7129e7,null,2,34,544,816,1088,1360,272,1632,1904,2176,2448,2720
satinposters_577ef1154f3240ad5b9b413aa7346a1e,null,2,35,560,840,1120,1400,280,1680,1960,2240,2520,2800
satinposters_01161aaa0b6d1345dd8fe4e481144d84,null,2,36,576,864,1152,1440,288,1728,2016,2304,2592,2880
satinposters_539fd53b59e3bb12d203f45a912eeaf2,null,2,37,592,888,1184,1480,296,1776,2072,2368,2664,2960
satinposters_ac1dd209cbcc5e5d1c6e28598e8cbbe8,null,2,38,608,912,1216,1520,304,1824,2128,2432,2736,3040
satinposters_555d6702c950ecb729a966504af0a635,null,2,39,624,936,1248,1560,312,1872,2184,2496,2808,3120
satinposters_335f5352088d7d9bf74191e006d8e24c,null,2,40,640,960,1280,1600,320,1920,2240,2560,2880,3200
satinposters_f340f1b1f65b6df5b5e3f94d95b11daf,null,2,41,656,984,1312,1640,328,1968,2296,2624,2952,3280
satinposters_e4a6222cdb5b34375400904f03d8e6a5,null,2,42,672,1008,1344,1680,336,2016,2352,2688,3024,3360
satinposters_cb70ab375662576bd1ac5aaf16b3fca4,null,2,43,688,1032,1376,1720,344,2064,2408,2752,3096,3440
satinposters_9188905e74c28e489b44e954ec0b9bca,null,2,44,704,1056,1408,1760,352,2112,2464,2816,3168,3520
satinposters_0266e33d3f546cb5436a10798e657d97,null,2,45,720,1080,1440,1800,360,2160,2520,2880,3240,3600
satinposters_38db3aed920cf82ab059bfccbd02be6a,null,2,46,736,1104,1472,1840,368,2208,2576,2944,3312,3680
satinposters_3cec07e9ba5f5bb252d13f5f431e4bbb,null,2,47,752,1128,1504,1880,376,2256,2632,3008,3384,3760
satinposters_621bf66ddb7c962aa0d22ac97d69b793,null,2,48,768,1152,1536,1920,384,2304,2688,3072,3456,3840
satinposters_077e29b11be80ab57e1a2ecabb7da330,null,2,49,784,1176,1568,1960,392,2352,2744,3136,3528,3920
satinposters_6c9882bbac1c7093bd25041881277658,null,2,50,800,1200,1600,2000,400,2400,2800,3200,3600,4000
satinposters_c16a5320fa475530d9583c34fd356ef5,null,3,1,24,36,48,60,12,72,84,96,108,120
satinposters_6364d3f0f495b6ab9dcf8d3b5c6e0b01,null,3,2,48,72,96,120,24,144,168,192,216,240
satinposters_182be0c5cdcd5072bb1864cdee4d3d6e,null,3,3,72,108,144,180,36,216,252,288,324,360
satinposters_e369853df766fa44e1ed0ff613f563bd,null,3,4,96,144,192,240,48,288,336,384,432,480
satinposters_1c383cd30b7c298ab50293adfecb7b18,null,3,5,120,180,240,300,60,360,420,480,540,600
satinposters_19ca14e7ea6328a42e0eb13d585e4c22,null,3,6,144,216,288,360,72,432,504,576,648,720
satinposters_a5bfc9e07964f8dddeb95fc584cd965d,null,3,7,168,252,336,420,84,504,588,672,756,840
satinposters_a5771bce93e200c36f7cd9dfd0e5deaa,null,3,8,192,288,384,480,96,576,672,768,864,960
satinposters_d67d8ab4f4c10bf22aa353e27879133c,null,3,9,216,324,432,540,108,648,756,864,972,1080
satinposters_06eb61b839a0cefee4967c67ccb099dc,null,3,10,240,360,480,600,120,720,840,960,1080,1200
satinposters_9dfcd5e558dfa04aaf37f137a1d9d3e5,null,3,11,264,396,528,660,132,792,924,1056,1188,1320
satinposters_950a4152c2b4aa3ad78bdd6b366cc179,null,3,12,288,432,576,720,144,864,1008,1152,1296,1440
satinposters_158f3069a435b314a80bdcb024f8e422,null,3,13,312,468,624,780,156,936,1092,1248,1404,1560
satinposters_758874998f5bd0c393da094e1967a72b,null,3,14,336,504,672,840,168,1008,1176,1344,1512,1680
satinposters_ad13a2a07ca4b7642959dc0c4c740ab6,null,3,15,360,540,720,900,180,1080,1260,1440,1620,1800
satinposters_3fe94a002317b5f9259f82690aeea4cd,null,3,16,384,576,768,960,192,1152,1344,1536,1728,1920
satinposters_5b8add2a5d98b1a652ea7fd72d942dac,null,3,17,408,612,816,1020,204,1224,1428,1632,1836,2040
satinposters_432aca3a1e345e339f35a30c8f65edce,null,3,18,432,648,864,1080,216,1296,1512,1728,1944,2160
satinposters_8d3bba7425e7c98c50f52ca1b52d3735,null,3,19,456,684,912,1140,228,1368,1596,1824,2052,2280
satinposters_320722549d1751cf3f247855f937b982,null,3,20,480,720,960,1200,240,1440,1680,1920,2160,2400
satinposters_caf1a3dfb505ffed0d024130f58c5cfa,null,3,21,504,756,1008,1260,252,1512,1764,2016,2268,2520
satinposters_5737c6ec2e0716f3d8a7a5c4e0de0d9a,null,3,22,528,792,1056,1320,264,1584,1848,2112,2376,2640
satinposters_bc6dc48b743dc5d013b1abaebd2faed2,null,3,23,552,828,1104,1380,276,1656,1932,2208,2484,2760
satinposters_f2fc990265c712c49d51a18a32b39f0c,null,3,24,576,864,1152,1440,288,1728,2016,2304,2592,2880
satinposters_89f0fd5c927d466d6ec9a21b9ac34ffa,null,3,25,600,900,1200,1500,300,1800,2100,2400,2700,3000
satinposters_a666587afda6e89aec274a3657558a27,null,3,26,624,936,1248,1560,312,1872,2184,2496,2808,3120
satinposters_b83aac23b9528732c23cc7352950e880,null,3,27,648,972,1296,1620,324,1944,2268,2592,2916,3240
satinposters_cd00692c3bfe59267d5ecfac5310286c,null,3,28,672,1008,1344,1680,336,2016,2352,2688,3024,3360
satinposters_6faa8040da20ef399b63a72d0e4ab575,null,3,29,696,1044,1392,1740,348,2088,2436,2784,3132,3480
satinposters_fe73f687e5bc5280214e0486b273a5f9,null,3,30,720,1080,1440,1800,360,2160,2520,2880,3240,3600
satinposters_6da37dd3139aa4d9aa55b8d237ec5d4a,null,3,31,744,1116,1488,1860,372,2232,2604,2976,3348,3720
satinposters_c042f4db68f23406c6cecf84a7ebb0fe,null,3,32,768,1152,1536,1920,384,2304,2688,3072,3456,3840
satinposters_310dcbbf4cce62f762a2aaa148d556bd,null,3,33,792,1188,1584,1980,396,2376,2772,3168,3564,3960
satinposters_2f2b265625d76a6704b08093c652fd79,null,3,34,816,1224,1632,2040,408,2448,2856,3264,3672,4080
satinposters_f9b902fc3289af4dd08de5d1de54f68f,null,3,35,840,1260,1680,2100,420,2520,2940,3360,3780,4200
satinposters_6855456e2fe46a9d49d3d3af4f57443d,null,3,36,864,1296,1728,2160,432,2592,3024,3456,3888,4320
satinposters_357a6fdf7642bf815a88822c447d9dc4,null,3,37,888,1332,1776,2220,444,2664,3108,3552,3996,4440
satinposters_819f46e52c25763a55cc642422644317,null,3,38,912,1368,1824,2280,456,2736,3192,3648,4104,4560
satinposters_04025959b191f8f9de3f924f0940515f,null,3,39,936,1404,1872,2340,468,2808,3276,3744,4212,4680
satinposters_40008b9a5380fcacce3976bf7c08af5b,null,3,40,960,1440,1920,2400,480,2880,3360,3840,4320,4800
satinposters_3dd48ab31d016ffcbf3314df2b3cb9ce,null,3,41,984,1476,1968,2460,492,2952,3444,3936,4428,4920
satinposters_58238e9ae2dd305d79c2ebc8c1883422,null,3,42,1008,1512,2016,2520,504,3024,3528,4032,4536,5040
satinposters_3ad7c2ebb96fcba7cda0cf54a2e802f5,null,3,43,1032,1548,2064,2580,516,3096,3612,4128,4644,5160
satinposters_b3967a0e938dc2a6340e258630febd5a,null,3,44,1056,1584,2112,2640,528,3168,3696,4224,4752,5280
satinposters_d81f9c1be2e08964bf9f24b15f0e4900,null,3,45,1080,1620,2160,2700,540,3240,3780,4320,4860,5400
satinposters_13f9896df61279c928f19721878fac41,null,3,46,1104,1656,2208,2760,552,3312,3864,4416,4968,5520
satinposters_c5ff2543b53f4cc0ad3819a36752467b,null,3,47,1128,1692,2256,2820,564,3384,3948,4512,5076,5640
satinposters_01386bd6d8e091c2ab4c7c7de644d37b,null,3,48,1152,1728,2304,2880,576,3456,4032,4608,5184,5760
satinposters_0bb4aec1710521c12ee76289d9440817,null,3,49,1176,1764,2352,2940,588,3528,4116,4704,5292,5880
satinposters_9de6d14fff9806d4bcd1ef555be766cd,null,3,50,1200,1800,2400,3000,600,3600,4200,4800,5400,6000
satinposters_3416a75f4cea9109507cacd8e2f2aefc,null,4,1,32,48,64,80,16,96,112,128,144,160
satinposters_a1d0c6e83f027327d8461063f4ac58a6,null,4,2,64,96,128,160,32,192,224,256,288,320
satinposters_17e62166fc8586dfa4d1bc0e1742c08b,null,4,3,96,144,192,240,48,288,336,384,432,480
satinposters_f7177163c833dff4b38fc8d2872f1ec6,null,4,4,128,192,256,320,64,384,448,512,576,640
satinposters_6c8349cc7260ae62e3b1396831a8398f,null,4,5,160,240,320,400,80,480,560,640,720,800
satinposters_d9d4f495e875a2e075a1a4a6e1b9770f,null,4,6,192,288,384,480,96,576,672,768,864,960
satinposters_67c6a1e7ce56d3d6fa748ab6d9af3fd7,null,4,7,224,336,448,560,112,672,784,896,1008,1120
satinposters_642e92efb79421734881b53e1e1b18b6,null,4,8,256,384,512,640,128,768,896,1024,1152,1280
satinposters_f457c545a9ded88f18ecee47145a72c0,null,4,9,288,432,576,720,144,864,1008,1152,1296,1440
satinposters_1068c6e4c8051cfd4e9ea8072e3189e2,null,4,10,320,480,640,800,160,960,1120,1280,1440,1600
satinposters_17d63b1625c816c22647a73e1482372b,null,4,11,352,528,704,880,176,1056,1232,1408,1584,1760
satinposters_b9228e0962a78b84f3d5d92f4faa000b,null,4,12,384,576,768,960,192,1152,1344,1536,1728,1920
satinposters_0deb1c54814305ca9ad266f53bc82511,null,4,13,416,624,832,1040,208,1248,1456,1664,1872,2080
satinposters_66808e327dc79d135ba18e051673d906,null,4,14,448,672,896,1120,224,1344,1568,1792,2016,2240
satinposters_42e7aaa88b48137a16a1acd04ed91125,null,4,15,480,720,960,1200,240,1440,1680,1920,2160,2400
satinposters_8fe0093bb30d6f8c31474bd0764e6ac0,null,4,16,512,768,1024,1280,256,1536,1792,2048,2304,2560
satinposters_41ae36ecb9b3eee609d05b90c14222fb,null,4,17,544,816,1088,1360,272,1632,1904,2176,2448,2720
satinposters_d1f255a373a3cef72e03aa9d980c7eca,null,4,18,576,864,1152,1440,288,1728,2016,2304,2592,2880
satinposters_7eacb532570ff6858afd2723755ff790,null,4,19,608,912,1216,1520,304,1824,2128,2432,2736,3040
satinposters_b6f0479ae87d244975439c6124592772,null,4,20,640,960,1280,1600,320,1920,2240,2560,2880,3200
satinposters_e0c641195b27425bb056ac56f8953d24,null,4,21,672,1008,1344,1680,336,2016,2352,2688,3024,3360
satinposters_f85454e8279be180185cac7d243c5eb3,null,4,22,704,1056,1408,1760,352,2112,2464,2816,3168,3520
satinposters_faa9afea49ef2ff029a833cccc778fd0,null,4,23,736,1104,1472,1840,368,2208,2576,2944,3312,3680
satinposters_3c7781a36bcd6cf08c11a970fbe0e2a6,null,4,24,768,1152,1536,1920,384,2304,2688,3072,3456,3840
satinposters_25b2822c2f5a3230abfadd476e8b04c9,null,4,25,800,1200,1600,2000,400,2400,2800,3200,3600,4000
satinposters_6ecbdd6ec859d284dc13885a37ce8d81,null,4,26,832,1248,1664,2080,416,2496,2912,3328,3744,4160
satinposters_18997733ec258a9fcaf239cc55d53363,null,4,27,864,1296,1728,2160,432,2592,3024,3456,3888,4320
satinposters_8d7d8ee069cb0cbbf816bbb65d56947e,null,4,28,896,1344,1792,2240,448,2688,3136,3584,4032,4480
satinposters_75fc093c0ee742f6dddaa13fff98f104,null,4,29,928,1392,1856,2320,464,2784,3248,3712,4176,4640
satinposters_f74909ace68e51891440e4da0b65a70c,null,4,30,960,1440,1920,2400,480,2880,3360,3840,4320,4800
satinposters_66368270ffd51418ec58bd793f2d9b1b,null,4,31,992,1488,1984,2480,496,2976,3472,3968,4464,4960
satinposters_248e844336797ec98478f85e7626de4a,null,4,32,1024,1536,2048,2560,512,3072,3584,4096,4608,5120
satinposters_019d385eb67632a7e958e23f24bd07d7,null,4,33,1056,1584,2112,2640,528,3168,3696,4224,4752,5280
satinposters_a49e9411d64ff53eccfdd09ad10a15b3,null,4,34,1088,1632,2176,2720,544,3264,3808,4352,4896,5440
satinposters_ddb30680a691d157187ee1cf9e896d03,null,4,35,1120,1680,2240,2800,560,3360,3920,4480,5040,5600
satinposters_2421fcb1263b9530df88f7f002e78ea5,null,4,36,1152,1728,2304,2880,576,3456,4032,4608,5184,5760
satinposters_fccb60fb512d13df5083790d64c4d5dd,null,4,37,1184,1776,2368,2960,592,3552,4144,4736,5328,5920
satinposters_1651cf0d2f737d7adeab84d339dbabd3,null,4,38,1216,1824,2432,3040,608,3648,4256,4864,5472,6080
satinposters_eed5af6add95a9a6f1252739b1ad8c24,null,4,39,1248,1872,2496,3120,624,3744,4368,4992,5616,6240
satinposters_a8abb4bb284b5b27aa7cb790dc20f80b,null,4,40,1280,1920,2560,3200,640,3840,4480,5120,5760,6400
satinposters_15d4e891d784977cacbfcbb00c48f133,null,4,41,1312,1968,2624,3280,656,3936,4592,5248,5904,6560
satinposters_c203d8a151612acf12457e4d67635a95,null,4,42,1344,2016,2688,3360,672,4032,4704,5376,6048,6720
satinposters_13f3cf8c531952d72e5847c4183e6910,null,4,43,1376,2064,2752,3440,688,4128,4816,5504,6192,6880
satinposters_550a141f12de6341fba65b0ad0433500,null,4,44,1408,2112,2816,3520,704,4224,4928,5632,6336,7040
satinposters_67f7fb873eaf29526a11a9b7ac33bfac,null,4,45,1440,2160,2880,3600,720,4320,5040,5760,6480,7200
satinposters_1a5b1e4daae265b790965a275b53ae50,null,4,46,1472,2208,2944,3680,736,4416,5152,5888,6624,7360
satinposters_9a96876e2f8f3dc4f3cf45f02c61c0c1,null,4,47,1504,2256,3008,3760,752,4512,5264,6016,6768,7520
satinposters_9b70e8fe62e40c570a322f1b0b659098,null,4,48,1536,2304,3072,3840,768,4608,5376,6144,6912,7680
satinposters_d61e4bbd6393c9111e6526ea173a7c8b,null,4,49,1568,2352,3136,3920,784,4704,5488,6272,7056,7840
satinposters_f5f8590cd58a54e94377e6ae2eded4d9,null,4,50,1600,2400,3200,4000,800,4800,5600,6400,7200,8000
satinposters_2838023a778dfaecdc212708f721b788,null,5,1,40,60,80,100,20,120,140,160,180,200
satinposters_9a1158154dfa42caddbd0694a4e9bdc8,null,5,2,80,120,160,200,40,240,280,320,360,400
satinposters_d82c8d1619ad8176d665453cfb2e55f0,null,5,3,120,180,240,300,60,360,420,480,540,600
satinposters_a684eceee76fc522773286a895bc8436,null,5,4,160,240,320,400,80,480,560,640,720,800
satinposters_b53b3a3d6ab90ce0268229151c9bde11,null,5,5,200,300,400,500,100,600,700,800,900,1000
satinposters_9f61408e3afb633e50cdf1b20de6f466,null,5,6,240,360,480,600,120,720,840,960,1080,1200
satinposters_72b32a1f754ba1c09b3695e0cb6cde7f,null,5,7,280,420,560,700,140,840,980,1120,1260,1400
satinposters_66f041e16a60928b05a7e228a89c3799,null,5,8,320,480,640,800,160,960,1120,1280,1440,1600
satinposters_093f65e080a295f8076b1c5722a46aa2,null,5,9,360,540,720,900,180,1080,1260,1440,1620,1800
satinposters_087408522c31eeb1f982bc0eaf81d35f,null,5,10,400,600,800,1000,200,1200,1400,1600,1800,2000
satinposters_a760880003e7ddedfef56acb3b09697f,null,5,11,440,660,880,1100,220,1320,1540,1760,1980,2200
satinposters_10a7cdd970fe135cf4f7bb55c0e3b59f,null,5,12,480,720,960,1200,240,1440,1680,1920,2160,2400
satinposters_3dc4876f3f08201c7c76cb71fa1da439,null,5,13,520,780,1040,1300,260,1560,1820,2080,2340,2600
satinposters_59b90e1005a220e2ebc542eb9d950b1e,null,5,14,560,840,1120,1400,280,1680,1960,2240,2520,2800
satinposters_2b8a61594b1f4c4db0902a8a395ced93,null,5,15,600,900,1200,1500,300,1800,2100,2400,2700,3000
satinposters_f3f27a324736617f20abbf2ffd806f6d,null,5,16,640,960,1280,1600,320,1920,2240,2560,2880,3200
satinposters_38913e1d6a7b94cb0f55994f679f5956,null,5,17,680,1020,1360,1700,340,2040,2380,2720,3060,3400
satinposters_ebd9629fc3ae5e9f6611e2ee05a31cef,null,5,18,720,1080,1440,1800,360,2160,2520,2880,3240,3600
satinposters_63538fe6ef330c13a05a3ed7e599d5f7,null,5,19,760,1140,1520,1900,380,2280,2660,3040,3420,3800
satinposters_cf67355a3333e6e143439161adc2d82e,null,5,20,800,1200,1600,2000,400,2400,2800,3200,3600,4000
satinposters_07563a3fe3bbe7e3ba84431ad9d055af,null,5,21,840,1260,1680,2100,420,2520,2940,3360,3780,4200
satinposters_53fde96fcc4b4ce72d7739202324cd49,null,5,22,880,1320,1760,2200,440,2640,3080,3520,3960,4400
satinposters_2bb232c0b13c774965ef8558f0fbd615,null,5,23,920,1380,1840,2300,460,2760,3220,3680,4140,4600
satinposters_ba2fd310dcaa8781a9a652a31baf3c68,null,5,24,960,1440,1920,2400,480,2880,3360,3840,4320,4800
satinposters_69421f032498c97020180038fddb8e24,null,5,25,1000,1500,2000,2500,500,3000,3500,4000,4500,5000
satinposters_85422afb467e9456013a2a51d4dff702,null,5,26,1040,1560,2080,2600,520,3120,3640,4160,4680,5200
satinposters_13f320e7b5ead1024ac95c3b208610db,null,5,27,1080,1620,2160,2700,540,3240,3780,4320,4860,5400
satinposters_f4be00279ee2e0a53eafdaa94a151e2c,null,5,28,1120,1680,2240,2800,560,3360,3920,4480,5040,5600
satinposters_37f0e884fbad9667e38940169d0a3c95,null,5,29,1160,1740,2320,2900,580,3480,4060,4640,5220,5800
satinposters_d64a340bcb633f536d56e51874281454,null,5,30,1200,1800,2400,3000,600,3600,4200,4800,5400,6000
satinposters_0fcbc61acd0479dc77e3cccc0f5ffca7,null,5,31,1240,1860,2480,3100,620,3720,4340,4960,5580,6200
satinposters_298f95e1bf9136124592c8d4825a06fc,null,5,32,1280,1920,2560,3200,640,3840,4480,5120,5760,6400
satinposters_df877f3865752637daa540ea9cbc474f,null,5,33,1320,1980,2640,3300,660,3960,4620,5280,5940,6600
satinposters_c399862d3b9d6b76c8436e924a68c45b,null,5,34,1360,2040,2720,3400,680,4080,4760,5440,6120,6800
satinposters_33e8075e9970de0cfea955afd4644bb2,null,5,35,1400,2100,2800,3500,700,4200,4900,5600,6300,7000
satinposters_65658fde58ab3c2b6e5132a39fae7cb9,null,5,36,1440,2160,2880,3600,720,4320,5040,5760,6480,7200
satinposters_5ea1649a31336092c05438df996a3e59,null,5,37,1480,2220,2960,3700,740,4440,5180,5920,6660,7400
satinposters_7bcdf75ad237b8e02e301f4091fb6bc8,null,5,38,1520,2280,3040,3800,760,4560,5320,6080,6840,7600
satinposters_5737034557ef5b8c02c0e46513b98f90,null,5,39,1560,2340,3120,3900,780,4680,5460,6240,7020,7800
satinposters_9b72e31dac81715466cd580a448cf823,null,5,40,1600,2400,3200,4000,800,4800,5600,6400,7200,8000
satinposters_16c222aa19898e5058938167c8ab6c57,null,5,41,1640,2460,3280,4100,820,4920,5740,6560,7380,8200
satinposters_7dcd340d84f762eba80aa538b0c527f7,null,5,42,1680,2520,3360,4200,840,5040,5880,6720,7560,8400
satinposters_81448138f5f163ccdba4acc69819f280,null,5,43,1720,2580,3440,4300,860,5160,6020,6880,7740,8600
satinposters_97e8527feaf77a97fc38f34216141515,null,5,44,1760,2640,3520,4400,880,5280,6160,7040,7920,8800
satinposters_647bba344396e7c8170902bcf2e15551,null,5,45,1800,2700,3600,4500,900,5400,6300,7200,8100,9000
satinposters_ed265bc903a5a097f61d3ec064d96d2e,null,5,46,1840,2760,3680,4600,920,5520,6440,7360,8280,9200
satinposters_c75b6f114c23a4d7ea11331e7c00e73c,null,5,47,1880,2820,3760,4700,940,5640,6580,7520,8460,9400
satinposters_8d34201a5b85900908db6cae92723617,null,5,48,1920,2880,3840,4800,960,5760,6720,7680,8640,9600
satinposters_ccb1d45fb76f7c5a0bf619f979c6cf36,null,5,49,1960,2940,3920,4900,980,5880,6860,7840,8820,9800
satinposters_01f78be6f7cad02658508fe4616098a9,null,5,50,2000,3000,4000,5000,1000,6000,7000,8000,9000,10000
satinposters_7f39f8317fbdb1988ef4c628eba02591,null,6,1,48,72,96,120,24,144,168,192,216,240
satinposters_44f683a84163b3523afe57c2e008bc8c,null,6,2,96,144,192,240,48,288,336,384,432,480
satinposters_03afdbd66e7929b125f8597834fa83a4,null,6,3,144,216,288,360,72,432,504,576,648,720
satinposters_ea5d2f1c4608232e07d3aa3d998e5135,null,6,4,192,288,384,480,96,576,672,768,864,960
satinposters_fc490ca45c00b1249bbe3554a4fdf6fb,null,6,5,240,360,480,600,120,720,840,960,1080,1200
satinposters_3295c76acbf4caaed33c36b1b5fc2cb1,null,6,6,288,432,576,720,144,864,1008,1152,1296,1440
satinposters_735b90b4568125ed6c3f678819b6e058,null,6,7,336,504,672,840,168,1008,1176,1344,1512,1680
satinposters_a3f390d88e4c41f2747bfa2f1b5f87db,null,6,8,384,576,768,960,192,1152,1344,1536,1728,1920
satinposters_14bfa6bb14875e45bba028a21ed38046,null,6,9,432,648,864,1080,216,1296,1512,1728,1944,2160
satinposters_00ac8ed3b4327bdd4ebbebcb2ba10a00,null,6,10,480,720,960,1200,240,1440,1680,1920,2160,2400
satinposters_8ebda540cbcc4d7336496819a46a1b68,null,6,11,528,792,1056,1320,264,1584,1848,2112,2376,2640
satinposters_f76a89f0cb91bc419542ce9fa43902dc,null,6,12,576,864,1152,1440,288,1728,2016,2304,2592,2880
satinposters_f29c21d4897f78948b91f03172341b7b,null,6,13,624,936,1248,1560,312,1872,2184,2496,2808,3120
satinposters_851ddf5058cf22df63d3344ad89919cf,null,6,14,672,1008,1344,1680,336,2016,2352,2688,3024,3360
satinposters_58d4d1e7b1e97b258c9ed0b37e02d087,null,6,15,720,1080,1440,1800,360,2160,2520,2880,3240,3600
satinposters_7750ca3559e5b8e1f44210283368fc16,null,6,16,768,1152,1536,1920,384,2304,2688,3072,3456,3840
satinposters_5d44ee6f2c3f71b73125876103c8f6c4,null,6,17,816,1224,1632,2040,408,2448,2856,3264,3672,4080
satinposters_eb6fdc36b281b7d5eabf33396c2683a2,null,6,18,864,1296,1728,2160,432,2592,3024,3456,3888,4320
satinposters_cdc0d6e63aa8e41c89689f54970bb35f,null,6,19,912,1368,1824,2280,456,2736,3192,3648,4104,4560
satinposters_b73dfe25b4b8714c029b37a6ad3006fa,null,6,20,960,1440,1920,2400,480,2880,3360,3840,4320,4800
satinposters_85fc37b18c57097425b52fc7afbb6969,null,6,21,1008,1512,2016,2520,504,3024,3528,4032,4536,5040
satinposters_3871bd64012152bfb53fdf04b401193f,null,6,22,1056,1584,2112,2640,528,3168,3696,4224,4752,5280
satinposters_a733fa9b25f33689e2adbe72199f0e62,null,6,23,1104,1656,2208,2760,552,3312,3864,4416,4968,5520
satinposters_48ab2f9b45957ab574cf005eb8a76760,null,6,24,1152,1728,2304,2880,576,3456,4032,4608,5184,5760
satinposters_233509073ed3432027d48b1a83f5fbd2,null,6,25,1200,1800,2400,3000,600,3600,4200,4800,5400,6000
satinposters_45645a27c4f1adc8a7a835976064a86d,null,6,26,1248,1872,2496,3120,624,3744,4368,4992,5616,6240
satinposters_185c29dc24325934ee377cfda20e414c,null,6,27,1296,1944,2592,3240,648,3888,4536,5184,5832,6480
satinposters_42e77b63637ab381e8be5f8318cc28a2,null,6,28,1344,2016,2688,3360,672,4032,4704,5376,6048,6720
satinposters_051e4e127b92f5d98d3c79b195f2b291,null,6,29,1392,2088,2784,3480,696,4176,4872,5568,6264,6960
satinposters_9cc138f8dc04cbf16240daa92d8d50e2,null,6,30,1440,2160,2880,3600,720,4320,5040,5760,6480,7200
satinposters_b7bb35b9c6ca2aee2df08cf09d7016c2,null,6,31,1488,2232,2976,3720,744,4464,5208,5952,6696,7440
satinposters_abd815286ba1007abfbb8415b83ae2cf,null,6,32,1536,2304,3072,3840,768,4608,5376,6144,6912,7680
satinposters_26dd0dbc6e3f4c8043749885523d6a25,null,6,33,1584,2376,3168,3960,792,4752,5544,6336,7128,7920
satinposters_6766aa2750c19aad2fa1b32f36ed4aee,null,6,34,1632,2448,3264,4080,816,4896,5712,6528,7344,8160
satinposters_6a10bbd480e4c5573d8f3af73ae0454b,null,6,35,1680,2520,3360,4200,840,5040,5880,6720,7560,8400
satinposters_c5ab0bc60ac7929182aadd08703f1ec6,null,6,36,1728,2592,3456,4320,864,5184,6048,6912,7776,8640
satinposters_a532400ed62e772b9dc0b86f46e583ff,null,6,37,1776,2664,3552,4440,888,5328,6216,7104,7992,8880
satinposters_4c27cea8526af8cfee3be5e183ac9605,null,6,38,1824,2736,3648,4560,912,5472,6384,7296,8208,9120
satinposters_0f96613235062963ccde717b18f97592,null,6,39,1872,2808,3744,4680,936,5616,6552,7488,8424,9360
satinposters_4ffce04d92a4d6cb21c1494cdfcd6dc1,null,6,40,1920,2880,3840,4800,960,5760,6720,7680,8640,9600
satinposters_67e103b0761e60683e83c559be18d40c,null,6,41,1968,2952,3936,4920,984,5904,6888,7872,8856,9840
satinposters_291597a100aadd814d197af4f4bab3a7,null,6,42,2016,3024,4032,5040,1008,6048,7056,8064,9072,10080
satinposters_9b698eb3105bd82528f23d0c92dedfc0,null,6,43,2064,3096,4128,5160,1032,6192,7224,8256,9288,10320
satinposters_8c7bbbba95c1025975e548cee86dfadc,null,6,44,2112,3168,4224,5280,1056,6336,7392,8448,9504,10560
satinposters_5e9f92a01c986bafcabbafd145520b13,null,6,45,2160,3240,4320,5400,1080,6480,7560,8640,9720,10800
satinposters_0ff39bbbf981ac0151d340c9aa40e63e,null,6,46,2208,3312,4416,5520,1104,6624,7728,8832,9936,11040
satinposters_303ed4c69846ab36c2904d3ba8573050,null,6,47,2256,3384,4512,5640,1128,6768,7896,9024,10152,11280
satinposters_443cb001c138b2561a0d90720d6ce111,null,6,48,2304,3456,4608,5760,1152,6912,8064,9216,10368,11520
satinposters_55b37c5c270e5d84c793e486d798c01d,null,6,49,2352,3528,4704,5880,1176,7056,8232,9408,10584,11760
satinposters_884d247c6f65a96a7da4d1105d584ddd,null,6,50,2400,3600,4800,6000,1200,7200,8400,9600,10800,12000
satinposters_e2c420d928d4bf8ce0ff2ec19b371514,null,7,1,56,84,112,140,28,168,196,224,252,280
satinposters_32bb90e8976aab5298d5da10fe66f21d,null,7,2,112,168,224,280,56,336,392,448,504,560
satinposters_d2ddea18f00665ce8623e36bd4e3c7c5,null,7,3,168,252,336,420,84,504,588,672,756,840
satinposters_ad61ab143223efbc24c7d2583be69251,null,7,4,224,336,448,560,112,672,784,896,1008,1120
satinposters_d09bf41544a3365a46c9077ebb5e35c3,null,7,5,280,420,560,700,140,840,980,1120,1260,1400
satinposters_fbd7939d674997cdb4692d34de8633c4,null,7,6,336,504,672,840,168,1008,1176,1344,1512,1680
satinposters_28dd2c7955ce926456240b2ff0100bde,null,7,7,392,588,784,980,196,1176,1372,1568,1764,1960
satinposters_35f4a8d465e6e1edc05f3d8ab658c551,null,7,8,448,672,896,1120,224,1344,1568,1792,2016,2240
satinposters_d1fe173d08e959397adf34b1d77e88d7,null,7,9,504,756,1008,1260,252,1512,1764,2016,2268,2520
satinposters_e70611883d2760c8bbafb4acb29e3446,null,7,10,560,840,1120,1400,280,1680,1960,2240,2520,2800
satinposters_6081594975a764c8e3a691fa2b3a321d,null,7,11,616,924,1232,1540,308,1848,2156,2464,2772,3080
satinposters_19bc916108fc6938f52cb96f7e087941,null,7,12,672,1008,1344,1680,336,2016,2352,2688,3024,3360
satinposters_07c5807d0d927dcd0980f86024e5208b,null,7,13,728,1092,1456,1820,364,2184,2548,2912,3276,3640
satinposters_d14220ee66aeec73c49038385428ec4c,null,7,14,784,1176,1568,1960,392,2352,2744,3136,3528,3920
satinposters_8df707a948fac1b4a0f97aa554886ec8,null,7,15,840,1260,1680,2100,420,2520,2940,3360,3780,4200
satinposters_e7f8a7fb0b77bcb3b283af5be021448f,null,7,16,896,1344,1792,2240,448,2688,3136,3584,4032,4480
satinposters_788d986905533aba051261497ecffcbb,null,7,17,952,1428,1904,2380,476,2856,3332,3808,4284,4760
satinposters_50c3d7614917b24303ee6a220679dab3,null,7,18,1008,1512,2016,2520,504,3024,3528,4032,4536,5040
satinposters_2afe4567e1bf64d32a5527244d104cea,null,7,19,1064,1596,2128,2660,532,3192,3724,4256,4788,5320
satinposters_5f2c22cb4a5380af7ca75622a6426917,null,7,20,1120,1680,2240,2800,560,3360,3920,4480,5040,5600
satinposters_aba3b6fd5d186d28e06ff97135cade7f,null,7,21,1176,1764,2352,2940,588,3528,4116,4704,5292,5880
satinposters_c8ed21db4f678f3b13b9d5ee16489088,null,7,22,1232,1848,2464,3080,616,3696,4312,4928,5544,6160
satinposters_08419be897405321542838d77f855226,null,7,23,1288,1932,2576,3220,644,3864,4508,5152,5796,6440
satinposters_7f1171a78ce0780a2142a6eb7bc4f3c8,null,7,24,1344,2016,2688,3360,672,4032,4704,5376,6048,6720
satinposters_82f2b308c3b01637c607ce05f52a2fed,null,7,25,1400,2100,2800,3500,700,4200,4900,5600,6300,7000
satinposters_0d3180d672e08b4c5312dcdafdf6ef36,null,7,26,1456,2184,2912,3640,728,4368,5096,5824,6552,7280
satinposters_fb89705ae6d743bf1e848c206e16a1d7,null,7,27,1512,2268,3024,3780,756,4536,5292,6048,6804,7560
satinposters_d4c2e4a3297fe25a71d030b67eb83bfc,null,7,28,1568,2352,3136,3920,784,4704,5488,6272,7056,7840
satinposters_5751ec3e9a4feab575962e78e006250d,null,7,29,1624,2436,3248,4060,812,4872,5684,6496,7308,8120
satinposters_d5cfead94f5350c12c322b5b664544c1,null,7,30,1680,2520,3360,4200,840,5040,5880,6720,7560,8400
satinposters_59c33016884a62116be975a9bb8257e3,null,7,31,1736,2604,3472,4340,868,5208,6076,6944,7812,8680
satinposters_ba3866600c3540f67c1e9575e213be0a,null,7,32,1792,2688,3584,4480,896,5376,6272,7168,8064,8960
satinposters_6c29793a140a811d0c45ce03c1c93a28,null,7,33,1848,2772,3696,4620,924,5544,6468,7392,8316,9240
satinposters_e995f98d56967d946471af29d7bf99f1,null,7,34,1904,2856,3808,4760,952,5712,6664,7616,8568,9520
satinposters_6cd67d9b6f0150c77bda2eda01ae484c,null,7,35,1960,2940,3920,4900,980,5880,6860,7840,8820,9800
satinposters_6bc24fc1ab650b25b4114e93a98f1eba,null,7,36,2016,3024,4032,5040,1008,6048,7056,8064,9072,10080
satinposters_a5cdd4aa0048b187f7182f1b9ce7a6a7,null,7,37,2072,3108,4144,5180,1036,6216,7252,8288,9324,10360
satinposters_217eedd1ba8c592db97d0dbe54c7adfc,null,7,38,2128,3192,4256,5320,1064,6384,7448,8512,9576,10640
satinposters_df263d996281d984952c07998dc54358,null,7,39,2184,3276,4368,5460,1092,6552,7644,8736,9828,10920
satinposters_edfbe1afcf9246bb0d40eb4d8027d90f,null,7,40,2240,3360,4480,5600,1120,6720,7840,8960,10080,11200
satinposters_2e65f2f2fdaf6c699b223c61b1b5ab89,null,7,41,2296,3444,4592,5740,1148,6888,8036,9184,10332,11480
satinposters_e94550c93cd70fe748e6982b3439ad3b,null,7,42,2352,3528,4704,5880,1176,7056,8232,9408,10584,11760
satinposters_5c572eca050594c7bc3c36e7e8ab9550,null,7,43,2408,3612,4816,6020,1204,7224,8428,9632,10836,12040
satinposters_0537fb40a68c18da59a35c2bfe1ca554,null,7,44,2464,3696,4928,6160,1232,7392,8624,9856,11088,12320
satinposters_5f0f5e5f33945135b874349cfbed4fb9,null,7,45,2520,3780,5040,6300,1260,7560,8820,10080,11340,12600
satinposters_185e65bc40581880c4f2c82958de8cfe,null,7,46,2576,3864,5152,6440,1288,7728,9016,10304,11592,12880
satinposters_8d317bdcf4aafcfc22149d77babee96d,null,7,47,2632,3948,5264,6580,1316,7896,9212,10528,11844,13160
satinposters_e49b8b4053df9505e1f48c3a701c0682,null,7,48,2688,4032,5376,6720,1344,8064,9408,10752,12096,13440
satinposters_b056eb1587586b71e2da9acfe4fbd19e,null,7,49,2744,4116,5488,6860,1372,8232,9604,10976,12348,13720
satinposters_b137fdd1f79d56c7edf3365fea7520f2,null,7,50,2800,4200,5600,7000,1400,8400,9800,11200,12600,14000
satinposters_43ec517d68b6edd3015b3edc9a11367b,null,8,1,64,96,128,160,32,192,224,256,288,320
satinposters_9778d5d219c5080b9a6a17bef029331c,null,8,2,128,192,256,320,64,384,448,512,576,640
satinposters_fe9fc289c3ff0af142b6d3bead98a923,null,8,3,192,288,384,480,96,576,672,768,864,960
satinposters_68d30a9594728bc39aa24be94b319d21,null,8,4,256,384,512,640,128,768,896,1024,1152,1280
satinposters_3ef815416f775098fe977004015c6193,null,8,5,320,480,640,800,160,960,1120,1280,1440,1600
satinposters_93db85ed909c13838ff95ccfa94cebd9,null,8,6,384,576,768,960,192,1152,1344,1536,1728,1920
satinposters_c7e1249ffc03eb9ded908c236bd1996d,null,8,7,448,672,896,1120,224,1344,1568,1792,2016,2240
satinposters_2a38a4a9316c49e5a833517c45d31070,null,8,8,512,768,1024,1280,256,1536,1792,2048,2304,2560
satinposters_7647966b7343c29048673252e490f736,null,8,9,576,864,1152,1440,288,1728,2016,2304,2592,2880
satinposters_b6edc1cd1f36e45daf6d7824d7bb2283,null,8,10,640,960,1280,1600,320,1920,2240,2560,2880,3200
satinposters_670e8a43b246801ca1eaca97b3e19189,null,8,11,704,1056,1408,1760,352,2112,2464,2816,3168,3520
satinposters_81e74d678581a3bb7a720b019f4f1a93,null,8,12,768,1152,1536,1920,384,2304,2688,3072,3456,3840
satinposters_e0cf1f47118daebc5b16269099ad7347,null,8,13,832,1248,1664,2080,416,2496,2912,3328,3744,4160
satinposters_96b9bff013acedfb1d140579e2fbeb63,null,8,14,896,1344,1792,2240,448,2688,3136,3584,4032,4480
satinposters_71ad16ad2c4d81f348082ff6c4b20768,null,8,15,960,1440,1920,2400,480,2880,3360,3840,4320,4800
satinposters_43fa7f58b7eac7ac872209342e62e8f1,null,8,16,1024,1536,2048,2560,512,3072,3584,4096,4608,5120
satinposters_31839b036f63806cba3f47b93af8ccb5,null,8,17,1088,1632,2176,2720,544,3264,3808,4352,4896,5440
satinposters_f0adc8838f4bdedde4ec2cfad0515589,null,8,18,1152,1728,2304,2880,576,3456,4032,4608,5184,5760
satinposters_3b5dca501ee1e6d8cd7b905f4e1bf723,null,8,19,1216,1824,2432,3040,608,3648,4256,4864,5472,6080
satinposters_e2a2dcc36a08a345332c751b2f2e476c,null,8,20,1280,1920,2560,3200,640,3840,4480,5120,5760,6400
satinposters_4558dbb6f6f8bb2e16d03b85bde76e2c,null,8,21,1344,2016,2688,3360,672,4032,4704,5376,6048,6720
satinposters_afda332245e2af431fb7b672a68b659d,null,8,22,1408,2112,2816,3520,704,4224,4928,5632,6336,7040
satinposters_632cee946db83e7a52ce5e8d6f0fed35,null,8,23,1472,2208,2944,3680,736,4416,5152,5888,6624,7360
satinposters_677e09724f0e2df9b6c000b75b5da10d,null,8,24,1536,2304,3072,3840,768,4608,5376,6144,6912,7680
satinposters_d554f7bb7be44a7267068a7df88ddd20,null,8,25,1600,2400,3200,4000,800,4800,5600,6400,7200,8000
satinposters_795c7a7a5ec6b460ec00c5841019b9e9,null,8,26,1664,2496,3328,4160,832,4992,5824,6656,7488,8320
satinposters_fa3a3c407f82377f55c19c5d403335c7,null,8,27,1728,2592,3456,4320,864,5184,6048,6912,7776,8640
satinposters_c2626d850c80ea07e7511bbae4c76f4b,null,8,28,1792,2688,3584,4480,896,5376,6272,7168,8064,8960
satinposters_ce78d1da254c0843eb23951ae077ff5f,null,8,29,1856,2784,3712,4640,928,5568,6496,7424,8352,9280
satinposters_8e82ab7243b7c66d768f1b8ce1c967eb,null,8,30,1920,2880,3840,4800,960,5760,6720,7680,8640,9600
satinposters_e0ec453e28e061cc58ac43f91dc2f3f0,null,8,31,1984,2976,3968,4960,992,5952,6944,7936,8928,9920
satinposters_7250eb93b3c18cc9daa29cf58af7a004,null,8,32,2048,3072,4096,5120,1024,6144,7168,8192,9216,10240
satinposters_013a006f03dbc5392effeb8f18fda755,null,8,33,2112,3168,4224,5280,1056,6336,7392,8448,9504,10560
satinposters_301ad0e3bd5cb1627a2044908a42fdc2,null,8,34,2176,3264,4352,5440,1088,6528,7616,8704,9792,10880
satinposters_4d5b995358e7798bc7e9d9db83c612a5,null,8,35,2240,3360,4480,5600,1120,6720,7840,8960,10080,11200
satinposters_ab88b15733f543179858600245108dd8,null,8,36,2304,3456,4608,5760,1152,6912,8064,9216,10368,11520
satinposters_b0b183c207f46f0cca7dc63b2604f5cc,null,8,37,2368,3552,4736,5920,1184,7104,8288,9472,10656,11840
satinposters_f9028faec74be6ec9b852b0a542e2f39,null,8,38,2432,3648,4864,6080,1216,7296,8512,9728,10944,12160
satinposters_8f7d807e1f53eff5f9efbe5cb81090fb,null,8,39,2496,3744,4992,6240,1248,7488,8736,9984,11232,12480
satinposters_fa83a11a198d5a7f0bf77a1987bcd006,null,8,40,2560,3840,5120,6400,1280,7680,8960,10240,11520,12800
satinposters_02a32ad2669e6fe298e607fe7cc0e1a0,null,8,41,2624,3936,5248,6560,1312,7872,9184,10496,11808,13120
satinposters_fc3cf452d3da8402bebb765225ce8c0e,null,8,42,2688,4032,5376,6720,1344,8064,9408,10752,12096,13440
satinposters_3d8e28caf901313a554cebc7d32e67e5,null,8,43,2752,4128,5504,6880,1376,8256,9632,11008,12384,13760
satinposters_e97ee2054defb209c35fe4dc94599061,null,8,44,2816,4224,5632,7040,1408,8448,9856,11264,12672,14080
satinposters_b86e8d03fe992d1b0e19656875ee557c,null,8,45,2880,4320,5760,7200,1440,8640,10080,11520,12960,14400
satinposters_84f7e69969dea92a925508f7c1f9579a,null,8,46,2944,4416,5888,7360,1472,8832,10304,11776,13248,14720
satinposters_f4552671f8909587cf485ea990207f3b,null,8,47,3008,4512,6016,7520,1504,9024,10528,12032,13536,15040
satinposters_362e80d4df43b03ae6d3f8540cd63626,null,8,48,3072,4608,6144,7680,1536,9216,10752,12288,13824,15360
satinposters_fe8c15fed5f808006ce95eddb7366e35,null,8,49,3136,4704,6272,7840,1568,9408,10976,12544,14112,15680
satinposters_1efa39bcaec6f3900149160693694536,null,8,50,3200,4800,6400,8000,1600,9600,11200,12800,14400,16000
